6937 2
9217 2
13908 2
19663 2
21751 2
23205 2
23206 2
55568 2
72041 2
73657 2
76427 2
78410 2
80378 2
87685 2
90593 2
98428 2
98430 2
106625 2
108845 2
120346 2
129856 2
130541 2
151947 2
156369 2
159804 2
160203 2
169201 2
172460 2
196392 2
206397 2
214357 2
217484 2
228865 2
229795 2
249612 2
254725 2
255401 2
264493 2
293167 2
293542 2
297790 2
299251 2
323161 2
324677 2
324679 2
324681 2
333109 2
338138 2
343779 2
347631 2
350482 2
357303 2
357304 2
358893 2
370458 2
373447 2
386013 2
396354 2
415583 2
419664 2
437883 2
438086 2
442381 2
443341 2
447509 2
471591 2
471804 2
472008 2
479786 2
483411 2
488614 2
497400 2
506382 2
531434 2
552319 2
553082 2
556271 2
562437 2
569812 2
574279 2
576772 2
582326 2
592607 2
594052 2
614099 2
620855 2
636711 2
664803 2
665420 2
668846 2
678400 2
698010 2
701029 2
716792 2
726934 2
738946 2
742465 2
768490 2
772627 2
807346 2
808361 2
810342 2
813588 2
832234 2
833655 2
834053 2
839266 2
841792 2
843888 2
844858 2
848240 2
852143 2
854475 2
854534 2
859719 2
885948 2
888155 2
901348 2
906241 2
922376 2
922716 2
943503 2
952021 2
960757 2
960758 2
964970 2
1115284 2
1142776 2
1142777 2
1142778 2
1156882 2
1179431 2
1198670 2
1508930 2
1812522 2
1884160 2
1931704 2
2046158 2
2057786 2
2221297 2
2329317 2
2336999 2
2390396 2
2396188 2
2396189 2
2401142 2
2465747 2
2467280 2
2591064 2
2608416 2
2614788 2
2633238 2
2640244 2
2646424 2
2705336 2
2731569 2
2747367 2
2767689 2
2878646 2
2885691 2
2887981 2
2940068 2
3023702 2
3121748 2
3156557 2
3169056 2
3175529 2
3287281 2
3287282 2
3330775 2
3401153 2
3461227 2
3461964 2
3493862 2
3493863 2
3533514 2
3541458 2
3541461 2
3542936 2
3542937 2
3577905 2
3577906 2
3603774 2
3609806 2
3631989 2
3662475 2
3734994 2
3762632 2
3766029 2
3803022 2
3803023 2
3803024 2
3803030 2
3872093 2
3905626 2
3945057 2
4005293 2
4080688 2
4249821 2
4265803 2
4265804 2
4277520 2
4281604 2
4414596 2
4440887 2
4453922 2
4482355 2
4482782 2
4497273 2
4530695 2
4540202 2
4562786 2
4562924 2
4599608 2
4620646 2
4620648 2
4641591 2
4673959 2
4673960 2
4776598 2
4877333 2
4898682 2
5037610 2
5091542 2
5203784 2
5233678 2
5236700 2
5244020 2
5335270 2
5337582 2
5339736 2
5390079 2
5414796 2
5435234 2
5450104 2
5456371 2
5543349 2
5561642 2
5590065 2
5597187 2
5609837 2
5671908 2
5746450 2
5753321 2
5770148 2
5795551 2
5810755 2
5813085 2
5836744 2
5843848 2
5857049 2
5877197 2
5907854 2
5914388 2
5951610 2
5976426 2
5980224 2
5985718 2
5989666 2
6044146 2
6189963 2
6198171 2
6276686 2
6299111 2
6301863 2
6310814 2
6320837 2
6374427 2
6374428 2
6420655 2
6492265 2
6513769 2
6533214 2
6541771 2
6544682 2
6558022 2
6595224 2
6613739 2
6614947 2
6634379 2
6635999 2
6744825 2
6750354 2
6785009 2
6790585 2
6793553 2
6814632 2
6829523 2
6829524 2
6830445 2
6853666 2
6861489 2
6869582 2
6881934 2
6890417 2
6908537 2
6908540 2
6992204 2
6993344 2
7005222 2
7044128 2
7044153 2
7047049 2
7052397 2
7068381 2
7118204 2
7118860 2
7119080 2
7128553 2
7135601 2
7143591 2
7166270 2
7245722 2
7275980 2
7292917 2
7313198 2
7320804 2
7356945 2
7406942 2
7409664 2
7427547 2
7427550 2
7434461 2
7468318 2
7468813 2
7468819 2
7468828 2
7468829 2
7500669 2
7518607 2
7518608 2
7529744 2
7531749 2
7531800 2
7532475 2
7541432 2
7542014 2
7542015 2
7604737 2
7606030 2
7614574 2
7633336 2
7655020 2
7670003 2
7718801 2
7730595 2
7749347 2
7760030 2
7760031 2
7760990 2
7767320 2
7776792 2
7797614 2
7797615 2
7802218 2
7809093 2
7846688 2
7891509 2
7898667 2
7902686 2
7902692 2
7902699 2
7904404 2
7908426 2
7910536 2
7945594 2
8005681 2
8015400 2
8018390 2
8023601 2
8043909 2
8046690 2
8075978 2
8080017 2
8080019 2
8107001 2
8113080 2
8122281 2
8139665 2
8166767 2
8174539 2
8174799 2
8181035 2
8181418 2
8204995 2
8204996 2
8209783 2
8255076 2
8265645 2
8272803 2
8292552 2
8301284 2
8330518 2
8342005 2
8365268 2
8406161 2
8423555 2
8523656 2
8537682 2
8559629 2
8562659 2
8565955 2
8587541 2
8597004 2
8601875 2
8612323 2
8620255 2
8664460 2
8664461 2
8665321 2
8665322 2
8665323 2
8670774 2
8688865 2
8693826 2
8714262 2
8831301 2
8831513 2
8862015 2
8868058 2
8883151 2
8898759 2
8951478 2
8973505 2
8988204 2
9036637 2
9054825 2
9068428 2
9088945 2
9103010 2
9106740 2
9127823 2
9210167 2
9210168 2
9223155 2
9267602 2
9319440 2
9350616 2
9353181 2
9353182 2
9398635 2
9450274 2
9479564 2
9480908 2
9511759 2
9526031 2
9540291 2
9621442 2
9627687 2
9727050 2
9834214 2
9901451 2
9938081 2
9979752 2
10055931 2
10084530 2
10107377 2
10109343 2
10140251 2
10168255 2
10178498 2
10192340 2
10192341 2
10212189 2
10265164 2
10288282 2
10310530 2
10330989 2
10345032 2
10411415 2
10489209 2
10547671 2
10566073 2
10625892 2
10634089 2
10642765 2
10690321 2
10754938 2
10817170 2
10828162 2
10839252 2
10839253 2
10848568 2
11020815 2
11073250 2
11082670 2
11101252 2
11101256 2
11101257 2
11101258 2
11188584 2
11188585 2
11193872 2
11275834 2
11334468 2
11343453 2
11358360 2
11450174 2
11475527 2
11511985 2
11546108 2
11552288 2
11622990 2
11689375 2
11698013 2
11710005 2
11892441 2
11918313 2
11941957 2
11941960 2
11957386 2
11962480 2
11998194 2
12039034 2
12039035 2
12039036 2
12049052 2
12078160 2
12082135 2
12082137 2
12082140 2
12082150 2
12107388 2
12122713 2
12138255 2
12197169 2
12255573 2
12289756 2
12330089 2
12332433 2
12352751 2
12649112 2
12678042 2
12678045 2
12724823 2
12863275 2
12883117 2
12887881 2
12894191 2
12913232 2
12915753 2
12980532 2
13015489 2
13044936 2
13099033 2
13104737 2
13152325 2
13176901 2
13196323 2
13207434 2
13207437 2
13207438 2
13207439 2
13266451 2
13348537 2
13383602 2
13439950 2
13462484 2
13480108 2
13510171 2
13529502 2
13534692 2
13556011 2
13569444 2
13596891 2
13600574 2
13612487 2
13637424 2
13643066 2
13651921 2
13657527 2
13680437 2
13726761 2
13815966 2
13821141 2
13862568 2
13868519 2
13871052 2
13879984 2
13988822 2
13997019 2
14038176 2
14038399 2
14053971 2
14090536 2
14096915 2
14120602 2
14174527 2
14187481 2
14194234 2
14212606 2
14232817 2
14291788 2
14291851 2
14319557 2
14328796 2
14347882 2
14377058 2
14380467 2
14440577 2
14475614 2
14488295 2
14557732 2
14617443 2
14633134 2
14636645 2
14677081 2
14688886 2
14699352 2
14768963 2
14800064 2
14832470 2
14855960 2
14914613 2
14936644 2
14950969 2
14960335 2
15031489 2
15035227 2
15076112 2
15133710 2
15136801 2
15171197 2
15211815 2
15223732 2
15231592 2
15292162 2
15292308 2
15311521 2
15311522 2
15311523 2
15372362 2
15383485 2
15405846 2
15453012 2
15464715 2
15489464 2
15512556 2
15639580 2
15660054 2
15679088 2
15734479 2
15758923 2
15796324 2
15858891 2
15858892 2
15958994 2
15971793 2
15988143 2
16053989 2
16079868 2
16105484 2
16129965 2
16206550 2
16339641 2
16344667 2
16353023 2
16382503 2
16435641 2
16460184 2
16550855 2
16596670 2
16602362 2
16637130 2
16668856 2
16687411 2
16721518 2
16805228 2
16817461 2
16830224 2
16870482 2
16870490 2
16875869 2
16899717 2
16925759 2
16931472 2
16961459 2
17019839 2
17019840 2
17141933 2
17147420 2
17245830 2
17261985 2
17268049 2
17295553 2
17329685 2
17339760 2
17377418 2
17389235 2
17431783 2
17447221 2
17447923 2
17515284 2
17542340 2
17542341 2
17545948 2
17569036 2
17580775 2
17585729 2
17635420 2
17662458 2
17673488 2
17722894 2
17780438 2
17785594 2
17804386 2
17901734 2
17901739 2
17916170 2
17938737 2
18005008 2
18046659 2
18065573 2
18134394 2
18196382 2
18248689 2
18263904 2
18284810 2
18284811 2
18284812 2
18315736 2
18326088 2
18347503 2
18347504 2
18365562 2
18366943 2
18390011 2
18417069 2
18424153 2
18426418 2
18548122 2
18565406 2
18575609 2
18598975 2
18616606 2
18704516 2
18748953 2
18796914 2
18868986 2
18873051 2
18998637 2
19036213 2
19038915 2
19053519 2
19062635 2
19063414 2
19090289 2
19090291 2
19109981 2
19131858 2
19145296 2
19166563 2
19203250 2
19203251 2
19204595 2
19246986 2
19276021 2
19276022 2
19321031 2
19332849 2
19332852 2
19340788 2
19347071 2
19360796 2
19469022 2
19494842 2
19498550 2
19544698 2
19549575 2
19549577 2
19549579 2
19555516 2
19561380 2
19604083 2
19660893 2
19687729 2
19693366 2
19747820 2
19787144 2
19794025 2
19812348 2
19886663 2
19898737 2
20020133 2
20028789 2
20028790 2
20073619 2
20077101 2
20094305 2
20130103 2
20144933 2
20153060 2
20231243 2
20275058 2
20412493 2
20425837 2
20438542 2
20444269 2
20453777 2
20519147 2
20519261 2
20539816 2
20568568 2
20602651 2
20627152 2
20855053 2
20862695 2
20888980 2
20900753 2
20926398 2
20991251 2
21008917 2
21093039 2
21110104 2
21139380 2
21212076 2
21343573 2
21382198 2
21386815 2
21393871 2
21407347 2
21426410 2
21431679 2
21431680 2
21461878 2
21481555 2
21498342 2
21511914 2
21553327 2
21556191 2
21583226 2
21642215 2
21642217 2
21756553 2
21792245 2
21799005 2
21808205 2
21808206 2
21808207 2
21821404 2
21822158 2
21822159 2
21841583 2
21905202 2
21933390 2
21955002 2
21970882 2
21979462 2
22022886 2
22024581 2
22079999 2
22128712 2
22165218 2
22186637 2
22221629 2
22222255 2
22222259 2
22223563 2
22249465 2
22259087 2
22259089 2
22304989 2
22323688 2
22337078 2
22401746 2
22421536 2
22442269 2
22442270 2
22467291 2
22503685 2
22556622 2
22560734 2
22627884 2
22631349 2
22637563 2
22689223 2
22771106 2
22844377 2
22870704 2
22875895 2
22932987 2
22948678 2
22961265 2
23010293 2
23041340 2
23088983 2
23115934 2
23126304 2
23246123 2
23291433 2
23292185 2
23299412 2
23299951 2
23482443 2
23496079 2
23496080 2
23555994 2
23582992 2
23609709 2
23647738 2
23659664 2
23677111 2
23677112 2
23677113 2
49834 3
105319 3
132551 3
132552 3
140870 3
169612 3
234104 3
249176 3
341023 3
375390 3
438652 3
489862 3
491838 3
592597 3
607094 3
617563 3
631632 3
638175 3
699718 3
699719 3
733283 3
744368 3
745854 3
750310 3
765071 3
785713 3
817948 3
932224 3
932225 3
937612 3
943604 3
970638 3
970639 3
978930 3
1022820 3
1023289 3
1042184 3
1048705 3
1050422 3
1092728 3
1097146 3
1097147 3
1118153 3
1152136 3
1162904 3
1172494 3
1175821 3
1175822 3
1197703 3
1208401 3
1235538 3
1251219 3
1276377 3
1327097 3
1415765 3
1424640 3
1528296 3
1562772 3
1604134 3
1676011 3
1685861 3
1691633 3
1717055 3
1741919 3
1771590 3
1785986 3
1785987 3
1789990 3
1863400 3
1863947 3
1884023 3
1884327 3
1889366 3
1899629 3
1914865 3
1919602 3
1959933 3
2017833 3
2111163 3
2126181 3
2141749 3
2188303 3
2210700 3
2241900 3
2265495 3
2273819 3
2275418 3
2278820 3
2279291 3
2329054 3
2374764 3
2396214 3
2431931 3
2432640 3
2440033 3
2440999 3
2453715 3
2489333 3
2490462 3
2499053 3
2499054 3
2520215 3
2525895 3
2525897 3
2530139 3
2530584 3
2533570 3
2544868 3
2559993 3
2593325 3
2603514 3
2617135 3
2654261 3
2685219 3
2723378 3
2732151 3
2801437 3
2807585 3
2827291 3
2832003 3
2890392 3
2911006 3
2913081 3
2936678 3
2936895 3
2965996 3
3000477 3
3046085 3
3050742 3
3067994 3
3076854 3
3087100 3
3109682 3
3134513 3
3134514 3
3160590 3
3220986 3
3239919 3
3252116 3
3253205 3
3257108 3
3259164 3
3286240 3
3345991 3
3357568 3
3362080 3
3386551 3
3400236 3
3408151 3
3435856 3
3469470 3
3501611 3
3501612 3
3514286 3
3516106 3
3517430 3
3532296 3
3536332 3
3567576 3
3608108 3
3616301 3
3621790 3
3633154 3
3635291 3
3637605 3
3647667 3
3683344 3
3689392 3
3732741 3
3740984 3
3743400 3
3745402 3
3756429 3
3760798 3
3762872 3
3765287 3
3772396 3
3788557 3
3790245 3
3818339 3
3820224 3
3859222 3
3883870 3
3888891 3
3908311 3
3931480 3
3932179 3
3934146 3
3945236 3
3945916 3
3962795 3
3998244 3
4032668 3
4056440 3
4056444 3
4056446 3
4068555 3
4116791 3
4140309 3
4140310 3
4223002 3
4223265 3
4224228 3
4228617 3
4235407 3
4298180 3
4317626 3
4324758 3
4361391 3
4364579 3
4376758 3
4398382 3
4487026 3
4489007 3
4501356 3
4511510 3
4531653 3
4531654 3
4533931 3
4557988 3
4569312 3
4569313 3
4629671 3
4629672 3
4648562 3
4710436 3
4723745 3
4762101 3
4764618 3
4774514 3
4798330 3
4798331 3
4798332 3
4824415 3
4852691 3
4866624 3
4871307 3
4892654 3
4928349 3
4928350 3
4938100 3
4959517 3
5004897 3
5017376 3
5017377 3
5017378 3
5021676 3
5031964 3
5048822 3
5066508 3
5080723 3
5084177 3
5084569 3
5132884 3
5174084 3
5199811 3
5272426 3
5317659 3
5321947 3
5371059 3
5373841 3
5399593 3
5402254 3
5439181 3
5441579 3
5442020 3
5467376 3
5468688 3
5483489 3
5494012 3
5537138 3
5537139 3
5551392 3
5551393 3
5551857 3
5592500 3
5600261 3
5606566 3
5610546 3
5620792 3
5620793 3
5623479 3
5645175 3
5665159 3
5674869 3
5723876 3
5746377 3
5759961 3
5759962 3
5767800 3
5794877 3
5808579 3
5815213 3
5829114 3
5851660 3
5878985 3
5894903 3
5910211 3
5933078 3
5933080 3
5933082 3
5935063 3
5942289 3
5951609 3
5956360 3
5976298 3
6015368 3
6032985 3
6043997 3
6050588 3
6056798 3
6081622 3
6095507 3
6096495 3
6109982 3
6146146 3
6150596 3
6155833 3
6159896 3
6166363 3
6168445 3
6176440 3
6176441 3
6182433 3
6182434 3
6190355 3
6190356 3
6226250 3
6258282 3
6270867 3
6270868 3
6296285 3
6297832 3
6317842 3
6319402 3
6322468 3
6322715 3
6326517 3
6381991 3
6382620 3
6387775 3
6405249 3
6451560 3
6491370 3
6503552 3
6506273 3
6508481 3
6517139 3
6535232 3
6541774 3
6556152 3
6569409 3
6596328 3
6625074 3
6633988 3
6641463 3
6641464 3
6659731 3
6707620 3
6716087 3
6729311 3
6753786 3
6756635 3
6778220 3
6788258 3
6795580 3
6863593 3
6866575 3
6886408 3
6906419 3
6936843 3
6939447 3
6954984 3
6969465 3
6983973 3
6987642 3
7008364 3
7034069 3
7044674 3
7044675 3
7044685 3
7067836 3
7082101 3
7099534 3
7114853 3
7133024 3
7157998 3
7177879 3
7194282 3
7215887 3
7219016 3
7231926 3
7235121 3
7273182 3
7283902 3
7309996 3
7317602 3
7330695 3
7333455 3
7344728 3
7346958 3
7350139 3
7356710 3
7372311 3
7384218 3
7384220 3
7386971 3
7409728 3
7421563 3
7504901 3
7505934 3
7511780 3
7550876 3
7553634 3
7556871 3
7561955 3
7564559 3
7564560 3
7574033 3
7574034 3
7634979 3
7663603 3
7680527 3
7736983 3
7761195 3
7791429 3
7794666 3
7839811 3
7847812 3
7847872 3
7847873 3
7869789 3
7893892 3
7895612 3
7902500 3
7911674 3
7922492 3
7948308 3
7960119 3
7981027 3
7981028 3
7981642 3
7996909 3
8009241 3
8024375 3
8029335 3
8047989 3
8064604 3
8075170 3
8087001 3
8143340 3
8143636 3
8143637 3
8162671 3
8164056 3
8200307 3
8211013 3
8232814 3
8250472 3
8258096 3
8309142 3
8320377 3
8320469 3
8335460 3
8335461 3
8372228 3
8372919 3
8385785 3
8416636 3
8416639 3
8428267 3
8446876 3
8446877 3
8514403 3
8523633 3
8558207 3
8581121 3
8587767 3
8639730 3
8667872 3
8678081 3
8696200 3
8708052 3
8748514 3
8764605 3
8769373 3
8801417 3
8841555 3
8848809 3
8854731 3
8908943 3
8912608 3
8921716 3
8966034 3
8969949 3
9013668 3
9024096 3
9034967 3
9040190 3
9040848 3
9062063 3
9070085 3
9081749 3
9099457 3
9100840 3
9104988 3
9141694 3
9141695 3
9150851 3
9191794 3
9218164 3
9295754 3
9304937 3
9354771 3
9361117 3
9371421 3
9383862 3
9399634 3
9403118 3
9415194 3
9446690 3
9456659 3
9487010 3
9516458 3
9526428 3
9550506 3
9561059 3
9568958 3
9594116 3
9613072 3
9639432 3
9689181 3
9689565 3
9719583 3
9725104 3
9728028 3
9737790 3
9766291 3
9778726 3
9782242 3
9782243 3
9792904 3
9793984 3
9796161 3
9796809 3
9826240 3
9860858 3
9860859 3
9895196 3
9913187 3
9918374 3
9918989 3
9945506 3
9983984 3
9996334 3
10005623 3
10005624 3
10006171 3
10013939 3
10072636 3
10095726 3
10095870 3
10104168 3
10106324 3
10106969 3
10140299 3
10142186 3
10173088 3
10174077 3
10178931 3
10193598 3
10205542 3
10214218 3
10222828 3
10249398 3
10272772 3
10277293 3
10277959 3
10288424 3
10293577 3
10298327 3
10298747 3
10318835 3
10349782 3
10349788 3
10350952 3
10361370 3
10379908 3
10391753 3
10425169 3
10445018 3
10453631 3
10472751 3
10516730 3
10520135 3
10521243 3
10539421 3
10589735 3
10598290 3
10654982 3
10671991 3
10715600 3
10715601 3
10728243 3
10742462 3
10752643 3
10763720 3
10771590 3
10785895 3
10785896 3
10793696 3
10816804 3
10816827 3
10829636 3
10852631 3
10871260 3
10927077 3
10933932 3
10935129 3
10957655 3
10977091 3
11005804 3
11018792 3
11018793 3
11046598 3
11049257 3
11090451 3
11108280 3
11121668 3
11156659 3
11159237 3
11183087 3
11200354 3
11233303 3
11237136 3
11261168 3
11270196 3
11279071 3
11337538 3
11352932 3
11394767 3
11418746 3
11419588 3
11501486 3
11504871 3
11507466 3
11513043 3
11591514 3
11591523 3
11592707 3
11604443 3
11650020 3
11664406 3
11719103 3
11722050 3
11733067 3
11787058 3
11796920 3
11810425 3
11843018 3
11865905 3
11865906 3
11892341 3
11893997 3
11907560 3
11910132 3
11939185 3
11953289 3
11968328 3
11986407 3
11986777 3
11992308 3
11997195 3
12096098 3
12120684 3
12128591 3
12146394 3
12174402 3
12174403 3
12186496 3
12194196 3
12202663 3
12202844 3
12242903 3
12243391 3
12264241 3
12264242 3
12296632 3
12296633 3
12390626 3
12408144 3
12488277 3
12493156 3
12553787 3
12555621 3
12568442 3
12577738 3
12577739 3
12606395 3
12631774 3
12730349 3
12744196 3
12744653 3
12754505 3
12760982 3
12776677 3
12798072 3
12819863 3
12820117 3
12822637 3
12829110 3
12829112 3
12835734 3
12863885 3
12876684 3
12879112 3
12879117 3
12887758 3
12935678 3
12937087 3
12940372 3
12962189 3
12973065 3
12985350 3
13012591 3
13020691 3
13024208 3
13024538 3
13031531 3
13067555 3
13139266 3
13139267 3
13206754 3
13210305 3
13233448 3
13284020 3
13337915 3
13376846 3
13395222 3
13414771 3
13433285 3
13435154 3
13450574 3
13481042 3
13498121 3
13498122 3
13506128 3
13536658 3
13541067 3
13565787 3
13569337 3
13617295 3
13627621 3
13653638 3
13673083 3
13682237 3
13703886 3
13719500 3
13720140 3
13725475 3
13746035 3
13748907 3
13771944 3
13776078 3
13792092 3
13822269 3
13826406 3
13832862 3
13848422 3
13873860 3
13901037 3
13940356 3
13946197 3
13946708 3
13949581 3
13952259 3
13964423 3
13974204 3
13981689 3
13994043 3
14020143 3
14020152 3
14024978 3
14032835 3
14053882 3
14075761 3
14091098 3
14175531 3
14175532 3
14190765 3
14227643 3
14254575 3
14284458 3
14287646 3
14288306 3
14293059 3
14297060 3
14297380 3
14303294 3
14318467 3
14322332 3
14324112 3
14333733 3
14338365 3
14350198 3
14356579 3
14370985 3
14373268 3
14386499 3
14412812 3
14419083 3
14430650 3
14440431 3
14473711 3
14479581 3
14483567 3
14511387 3
14548505 3
14548507 3
14567939 3
14616047 3
14624541 3
14629479 3
14629480 3
14638475 3
14675462 3
14675463 3
14691829 3
14696592 3
14713986 3
14733077 3
14733078 3
14742330 3
14785308 3
14789933 3
14794404 3
14820302 3
14820646 3
14823836 3
14832930 3
14843583 3
14849002 3
14856221 3
14863753 3
14865947 3
14878300 3
14887616 3
14915965 3
14918000 3
14923488 3
14928023 3
14945924 3
14956500 3
14957786 3
14960576 3
14975464 3
14996759 3
15018553 3
15051083 3
15057561 3
15085673 3
15087907 3
15088608 3
15106774 3
15143217 3
15144864 3
15145907 3
15166511 3
15202804 3
15202805 3
15256957 3
15260218 3
15286502 3
15328073 3
15333826 3
15340278 3
15347323 3
15351863 3
15353022 3
15353770 3
15396083 3
15402323 3
15453832 3
15460365 3
15471169 3
15497380 3
15500892 3
15536899 3
15570948 3
15629443 3
15663187 3
15675187 3
15678668 3
15689768 3
15710690 3
15741989 3
15743707 3
15759378 3
15766371 3
15774654 3
15805163 3
15805164 3
15814599 3
15821341 3
15856337 3
15861394 3
15894276 3
15896098 3
15896100 3
15904772 3
15912858 3
15917727 3
15919513 3
15948682 3
15953416 3
15968019 3
15972030 3
15982225 3
16005909 3
16006791 3
16023045 3
16030263 3
16038356 3
16042589 3
16063533 3
16063556 3
16076390 3
16087900 3
16087901 3
16099225 3
16116214 3
16116225 3
16164368 3
16167361 3
16171447 3
16209101 3
16226357 3
16226644 3
16232202 3
16250771 3
16288270 3
16298029 3
16301846 3
16324555 3
16338011 3
16341721 3
16367499 3
16380120 3
16385631 3
16419225 3
16466743 3
16502662 3
16503138 3
16537089 3
16543560 3
16544386 3
16548896 3
16549992 3
16549995 3
16556715 3
16556716 3
16556717 3
16589432 3
16603670 3
16700020 3
16706867 3
16714944 3
16760971 3
16810590 3
16820041 3
16864880 3
16885395 3
16891144 3
16891145 3
16966539 3
16981230 3
16981231 3
17003469 3
17025298 3
17037028 3
17052257 3
17068090 3
17111859 3
17158020 3
17161805 3
17166549 3
17180286 3
17190057 3
17201462 3
17212962 3
17224030 3
17231051 3
17231138 3
17292849 3
17325960 3
17334846 3
17334847 3
17335375 3
17341373 3
17347450 3
17347452 3
17360683 3
17391463 3
17420328 3
17426486 3
17444336 3
17468430 3
17486397 3
17514598 3
17543732 3
17557889 3
17562349 3
17638226 3
17714022 3
17716716 3
17724878 3
17724879 3
17724880 3
17726029 3
17787591 3
17787699 3
17805384 3
17808515 3
17815062 3
17827456 3
17831556 3
17856104 3
17921696 3
17954700 3
17958985 3
17994731 3
17996717 3
18028121 3
18060082 3
18060085 3
18115314 3
18144642 3
18161428 3
18194344 3
18202328 3
18207261 3
18229421 3
18241505 3
18254797 3
18287600 3
18292115 3
18314468 3
18338913 3
18370075 3
18395048 3
18396375 3
18398590 3
18420618 3
18435231 3
18451906 3
18471152 3
18599251 3
18628318 3
18631594 3
18657526 3
18673631 3
18690219 3
18695230 3
18724574 3
18752957 3
18773058 3
18797768 3
18804133 3
18820147 3
18820148 3
18828006 3
18828007 3
18840586 3
18903119 3
18962892 3
18967837 3
18985881 3
19026786 3
19040459 3
19050843 3
19076701 3
19121580 3
19130322 3
19144041 3
19169483 3
19178250 3
19182834 3
19191608 3
19206412 3
19262311 3
19274388 3
19292974 3
19295210 3
19344016 3
19388622 3
19392665 3
19395766 3
19424366 3
19442877 3
19471650 3
19471651 3
19474501 3
19498017 3
19515832 3
19523689 3
19556732 3
19578818 3
19603031 3
19621772 3
19660641 3
19662493 3
19674840 3
19693671 3
19695763 3
19703581 3
19710228 3
19728871 3
19782619 3
19784131 3
19803426 3
19809975 3
19823992 3
19826765 3
19868415 3
19869683 3
19905565 3
19906962 3
19934218 3
20002564 3
20004216 3
20054230 3
20073617 3
20103134 3
20103172 3
20110295 3
20122631 3
20125816 3
20177224 3
20183892 3
20183893 3
20208819 3
20221124 3
20251960 3
20267318 3
20310074 3
20325581 3
20378673 3
20389366 3
20409303 3
20418573 3
20462345 3
20474021 3
20485072 3
20492749 3
20499484 3
20515802 3
20531124 3
20535520 3
20547900 3
20584513 3
20586748 3
20591617 3
20592334 3
20603864 3
20633079 3
20651942 3
20669450 3
20691303 3
20708362 3
20717530 3
20717531 3
20751378 3
20761751 3
20777139 3
20779727 3
20789642 3
20815980 3
20825513 3
20825937 3
20826357 3
20826358 3
20834960 3
20861925 3
20861926 3
20869815 3
20880642 3
20881388 3
20905348 3
20919947 3
20929406 3
20929570 3
20970925 3
20991673 3
21032350 3
21044331 3
21075055 3
21090885 3
21090886 3
21090887 3
21101965 3
21130111 3
21152728 3
21163359 3
21204167 3
21250114 3
21264253 3
21266476 3
21276480 3
21277519 3
21319938 3
21354223 3
21364786 3
21399450 3
21405565 3
21413102 3
21485699 3
21489105 3
21489106 3
21493548 3
21513130 3
21515430 3
21544322 3
21565624 3
21585427 3
21618559 3
21618564 3
21636561 3
21648497 3
21674149 3
21694489 3
21704695 3
21764292 3
21807525 3
21807526 3
21807527 3
21820265 3
21827619 3
21857917 3
21898978 3
21902615 3
21946945 3
21947196 3
21956399 3
21978987 3
21985466 3
21994644 3
21996068 3
21999120 3
22022715 3
22033685 3
22035132 3
22051326 3
22082121 3
22098632 3
22114466 3
22122895 3
22126763 3
22126765 3
22133607 3
22142748 3
22200790 3
22255481 3
22262998 3
22271847 3
22281203 3
22284204 3
22307321 3
22307323 3
22312282 3
22338097 3
22363264 3
22431492 3
22438051 3
22479286 3
22480999 3
22487030 3
22502712 3
22525884 3
22530929 3
22545244 3
22560224 3
22580642 3
22617428 3
22622804 3
22625085 3
22654851 3
22673614 3
22705280 3
22739188 3
22752444 3
22768445 3
22768446 3
22776987 3
22810500 3
22854233 3
22857041 3
22899260 3
22899270 3
22899738 3
22900234 3
22911141 3
22915885 3
22919892 3
22924617 3
22939296 3
22965182 3
22991275 3
22991277 3
23004976 3
23021618 3
23032732 3
23034378 3
23087894 3
23118425 3
23158910 3
23161545 3
23179136 3
23186853 3
23191460 3
23198240 3
23205763 3
23227325 3
23243320 3
23283258 3
23290018 3
23291292 3
23335922 3
23429413 3
23452538 3
23465746 3
23517481 3
23535752 3
23541000 3
23541001 3
23668213 3
74 4
661 4
7667 4
9563 4
10851 4
15193 4
27715 4
30237 4
33845 4
35934 4
36860 4
37044 4
38361 4
40044 4
44823 4
44949 4
46158 4
47337 4
47756 4
62362 4
63863 4
78966 4
79355 4
81287 4
83802 4
88047 4
91017 4
92552 4
93208 4
98309 4
98368 4
100791 4
106595 4
112491 4
116038 4
119263 4
120707 4
120730 4
126187 4
130757 4
131811 4
137600 4
137780 4
145197 4
146579 4
149935 4
150478 4
151885 4
153462 4
160739 4
161760 4
161844 4
166421 4
168607 4
181591 4
184741 4
189777 4
189963 4
190292 4
204078 4
210006 4
210587 4
211061 4
213301 4
223631 4
228212 4
228925 4
233637 4
235245 4
238176 4
241286 4
250595 4
250596 4
253661 4
254039 4
255765 4
257201 4
258490 4
266990 4
268806 4
272355 4
272875 4
274159 4
276152 4
280040 4
282431 4
288695 4
288978 4
291167 4
292999 4
300397 4
302513 4
302936 4
303078 4
303331 4
305886 4
308643 4
310182 4
310580 4
316912 4
317855 4
320979 4
322658 4
325062 4
330216 4
330896 4
330930 4
332635 4
333433 4
335223 4
337322 4
339301 4
340064 4
346058 4
361255 4
364438 4
367770 4
367771 4
369572 4
369844 4
370982 4
372172 4
373792 4
380318 4
386316 4
390532 4
392357 4
397240 4
411595 4
411630 4
411631 4
413237 4
413562 4
413620 4
414463 4
417300 4
417620 4
418257 4
420619 4
421187 4
427727 4
430971 4
431295 4
431827 4
433062 4
441377 4
460892 4
461629 4
467550 4
470160 4
473797 4
480017 4
481939 4
482330 4
489386 4
492619 4
494226 4
520600 4
523070 4
529639 4
530882 4
534739 4
536114 4
536222 4
536614 4
539195 4
543096 4
545112 4
550697 4
555513 4
555928 4
557726 4
557732 4
557734 4
566820 4
567313 4
567476 4
569269 4
581756 4
586503 4
587124 4
588571 4
597134 4
597799 4
598994 4
601526 4
601908 4
604392 4
606859 4
607724 4
608747 4
614390 4
615357 4
615358 4
615902 4
616102 4
616260 4
621362 4
621591 4
624490 4
628819 4
635006 4
636262 4
637320 4
638963 4
643933 4
645756 4
647224 4
647710 4
649595 4
649639 4
651715 4
653371 4
653541 4
657801 4
658771 4
659316 4
662799 4
665978 4
668660 4
670011 4
672082 4
672084 4
672106 4
679959 4
680174 4
682785 4
687106 4
689011 4
689689 4
691010 4
691247 4
692680 4
694747 4
701471 4
704314 4
708766 4
709584 4
709767 4
716032 4
727183 4
732800 4
736738 4
737699 4
740874 4
744014 4
746544 4
746929 4
750821 4
751335 4
755203 4
756962 4
762814 4
764085 4
765103 4
771802 4
775447 4
775729 4
777609 4
778641 4
778678 4
778875 4
783717 4
789253 4
792644 4
793635 4
800221 4
801395 4
804637 4
810724 4
810884 4
811157 4
812803 4
813913 4
814473 4
820872 4
820905 4
822452 4
823074 4
831649 4
831650 4
832329 4
838844 4
839385 4
840277 4
841724 4
843811 4
845651 4
849586 4
850680 4
854262 4
859157 4
860578 4
860848 4
861011 4
884867 4
888827 4
889519 4
892621 4
896284 4
896372 4
896701 4
908793 4
912653 4
916271 4
917011 4
921317 4
922476 4
923861 4
924033 4
934048 4
935017 4
938889 4
941896 4
942693 4
945607 4
945981 4
946865 4
947406 4
948486 4
948487 4
949221 4
949327 4
950938 4
951388 4
952242 4
970144 4
975289 4
978946 4
982287 4
983036 4
983037 4
1008324 4
1008325 4
1008326 4
1008329 4
1008331 4
1008332 4
1015744 4
1037968 4
1042173 4
1048665 4
1089238 4
1102936 4
1102939 4
1111286 4
1113238 4
1113239 4
1113240 4
1113241 4
1126225 4
1139230 4
1158840 4
1158841 4
1158842 4
1158843 4
1180865 4
1180878 4
1188100 4
1189509 4
1214974 4
1214975 4
1215899 4
1218380 4
1235581 4
1244216 4
1274215 4
1292366 4
1322369 4
1332258 4
1347808 4
1349815 4
1357662 4
1395368 4
1410953 4
1421557 4
1421558 4
1424647 4
1446728 4
1455792 4
1458628 4
1458629 4
1477292 4
1477578 4
1477955 4
1490117 4
1528719 4
1544996 4
1551466 4
1577151 4
1577152 4
1605515 4
1613935 4
1624010 4
1629598 4
1629748 4
1630148 4
1632942 4
1637147 4
1639107 4
1642489 4
1663419 4
1677217 4
1684606 4
1686479 4
1699613 4
1699618 4
1704751 4
1706023 4
1708100 4
1725724 4
1741432 4
1769771 4
1787391 4
1798720 4
1799460 4
1820410 4
1824914 4
1851606 4
1854052 4
1854053 4
1856912 4
1863214 4
1888878 4
1890824 4
1896089 4
1907167 4
1910796 4
1913136 4
1944560 4
1949890 4
1951103 4
1953115 4
1954410 4
1955681 4
1966262 4
1966263 4
1974719 4
1974720 4
1977263 4
1977837 4
1983098 4
2009328 4
2012592 4
2014383 4
2022160 4
2026968 4
2031752 4
2031877 4
2033320 4
2056082 4
2059352 4
2066343 4
2069219 4
2088568 4
2090332 4
2090333 4
2092752 4
2103971 4
2105651 4
2107034 4
2109483 4
2113293 4
2145308 4
2150993 4
2168322 4
2169065 4
2177544 4
2190568 4
2190569 4
2191115 4
2198030 4
2199598 4
2199604 4
2214602 4
2217508 4
2226035 4
2226036 4
2232617 4
2232618 4
2232619 4
2235431 4
2238217 4
2238218 4
2241061 4
2245320 4
2247987 4
2252378 4
2252572 4
2269290 4
2284080 4
2285646 4
2310752 4
2324866 4
2324868 4
2325202 4
2326683 4
2362445 4
2373293 4
2386120 4
2418918 4
2424996 4
2433175 4
2439668 4
2459317 4
2461168 4
2461169 4
2467221 4
2469707 4
2476569 4
2481505 4
2494612 4
2498760 4
2510242 4
2511579 4
2518655 4
2521140 4
2521141 4
2532321 4
2532322 4
2538511 4
2571845 4
2575374 4
2602105 4
2602107 4
2638907 4
2642914 4
2668634 4
2668853 4
2668863 4
2687277 4
2687278 4
2687958 4
2688428 4
2691849 4
2691855 4
2711577 4
2711585 4
2711644 4
2711645 4
2716763 4
2717106 4
2721034 4
2721037 4
2721038 4
2737487 4
2742287 4
2746011 4
2769195 4
2775424 4
2796047 4
2806371 4
2807114 4
2825450 4
2829981 4
2831663 4
2834524 4
2852141 4
2857623 4
2867246 4
2873508 4
2873514 4
2883828 4
2903590 4
2906491 4
2915107 4
2941028 4
2955074 4
2963526 4
2970674 4
2972949 4
2972950 4
2994947 4
2994948 4
2996859 4
3008655 4
3011295 4
3024970 4
3024971 4
3024972 4
3024973 4
3024977 4
3024978 4
3024979 4
3024980 4
3024981 4
3024982 4
3024983 4
3024984 4
3024985 4
3024986 4
3024987 4
3024988 4
3024989 4
3024990 4
3024992 4
3024993 4
3046300 4
3053403 4
3054600 4
3058818 4
3058819 4
3059648 4
3061453 4
3061454 4
3078462 4
3078767 4
3096692 4
3104483 4
3108499 4
3109015 4
3109016 4
3156435 4
3167055 4
3180675 4
3184073 4
3187685 4
3197089 4
3224152 4
3229361 4
3229363 4
3236017 4
3239010 4
3246556 4
3253024 4
3253027 4
3253028 4
3260787 4
3265819 4
3266833 4
3282600 4
3287812 4
3318214 4
3325456 4
3327745 4
3330944 4
3330945 4
3377427 4
3387990 4
3395310 4
3402498 4
3402503 4
3402511 4
3419825 4
3422759 4
3430781 4
3430784 4
3436001 4
3447266 4
3452556 4
3459078 4
3459107 4
3462669 4
3467482 4
3488916 4
3492310 4
3493991 4
3498857 4
3533700 4
3551701 4
3558512 4
3558514 4
3564155 4
3573409 4
3575255 4
3577507 4
3578392 4
3584277 4
3584508 4
3585152 4
3597316 4
3613198 4
3616724 4
3634782 4
3636960 4
3657883 4
3660402 4
3667135 4
3667136 4
3670410 4
3672078 4
3672328 4
3673887 4
3691985 4
3691986 4
3726610 4
3731077 4
3746824 4
3753583 4
3767903 4
3768628 4
3768629 4
3788596 4
3791822 4
3800349 4
3801655 4
3806532 4
3838437 4
3850809 4
3861343 4
3874060 4
3898252 4
3903350 4
3904948 4
3928959 4
3942117 4
3946138 4
3958807 4
3959503 4
3975166 4
3978710 4
3978711 4
3992343 4
3993124 4
4013485 4
4020497 4
4042184 4
4045277 4
4047586 4
4068544 4
4076620 4
4076629 4
4114529 4
4114808 4
4118412 4
4130551 4
4147982 4
4147990 4
4164833 4
4192187 4
4193495 4
4193496 4
4204663 4
4208869 4
4209926 4
4232438 4
4238332 4
4240389 4
4247524 4
4260650 4
4267635 4
4303376 4
4318399 4
4336715 4
4349491 4
4382405 4
4385640 4
4407823 4
4420769 4
4424457 4
4441118 4
4456641 4
4464301 4
4468255 4
4471000 4
4471001 4
4471154 4
4477205 4
4484215 4
4491957 4
4505945 4
4518933 4
4518934 4
4519452 4
4519500 4
4525216 4
4542694 4
4567361 4
4579115 4
4579205 4
4588203 4
4591683 4
4591684 4
4594844 4
4599372 4
4602568 4
4603553 4
4603629 4
4612220 4
4618237 4
4623012 4
4623013 4
4643706 4
4644121 4
4644122 4
4645054 4
4660318 4
4672830 4
4684098 4
4684601 4
4686922 4
4710943 4
4716110 4
4721547 4
4726770 4
4750967 4
4761833 4
4773756 4
4776985 4
4779156 4
4787102 4
4791144 4
4822222 4
4886971 4
4889264 4
4889271 4
4889303 4
4894708 4
4910110 4
4923514 4
4937926 4
4960417 4
4960419 4
4960420 4
4977583 4
4981909 4
4988270 4
5011665 4
5017412 4
5026545 4
5035872 4
5036265 4
5036269 4
5053350 4
5055545 4
5061606 4
5086587 4
5090669 4
5102752 4
5102753 4
5125847 4
5125848 4
5138455 4
5138456 4
5138483 4
5145801 4
5147985 4
5148212 4
5157858 4
5189131 4
5195056 4
5198622 4
5198623 4
5237257 4
5246170 4
5257598 4
5258165 4
5260867 4
5271061 4
5271062 4
5271797 4
5297820 4
5299276 4
5305335 4
5313536 4
5348266 4
5375381 4
5375385 4
5389524 4
5400742 4
5414088 4
5422086 4
5428177 4
5438231 4
5444167 4
5444168 4
5463475 4
5467907 4
5498222 4
5523389 4
5540239 4
5545050 4
5557048 4
5562616 4
5567860 4
5596825 4
5620476 4
5636800 4
5638421 4
5656506 4
5659863 4
5667973 4
5677926 4
5691586 4
5704569 4
5705521 4
5706224 4
5724216 4
5744493 4
5751313 4
5751314 4
5760649 4
5775448 4
5785861 4
5807569 4
5822585 4
5824704 4
5824705 4
5826730 4
5828731 4
5832949 4
5842117 4
5845421 4
5854498 4
5856886 4
5859133 4
5869954 4
5875193 4
5883596 4
5907126 4
5927306 4
5936410 4
5953607 4
5967901 4
5977352 4
5981201 4
5995233 4
5998352 4
6008880 4
6009527 4
6013590 4
6031248 4
6037295 4
6037296 4
6037299 4
6061402 4
6061403 4
6066145 4
6068118 4
6085930 4
6085964 4
6102140 4
6120970 4
6121196 4
6128265 4
6128274 4
6146145 4
6147227 4
6150059 4
6171405 4
6171406 4
6171420 4
6184983 4
6185786 4
6188784 4
6190160 4
6190161 4
6190163 4
6190167 4
6190168 4
6191498 4
6214331 4
6214338 4
6217412 4
6217449 4
6226270 4
6233042 4
6244936 4
6244937 4
6282214 4
6288459 4
6288460 4
6291471 4
6298465 4
6302320 4
6305269 4
6310593 4
6318318 4
6319887 4
6322440 4
6359501 4
6368468 4
6379125 4
6379126 4
6399107 4
6403005 4
6403868 4
6403884 4
6413929 4
6416201 4
6419481 4
6421904 4
6424937 4
6430125 4
6432491 4
6442346 4
6457199 4
6464850 4
6470716 4
6483359 4
6501291 4
6527977 4
6597125 4
6597127 4
6597132 4
6615576 4
6677391 4
6680022 4
6680023 4
6680024 4
6693221 4
6697724 4
6704750 4
6740469 4
6747095 4
6751999 4
6771711 4
6778337 4
6780166 4
6805931 4
6814854 4
6814855 4
6840241 4
6842462 4
6844411 4
6844412 4
6847452 4
6856298 4
6865572 4
6877678 4
6902534 4
6907994 4
6908554 4
6914912 4
6948655 4
6959224 4
6961579 4
6966398 4
6980854 4
6988216 4
6988217 4
6992704 4
7005223 4
7005226 4
7006052 4
7014900 4
7015918 4
7019244 4
7019245 4
7034031 4
7038631 4
7039646 4
7051649 4
7066835 4
7087108 4
7087624 4
7109222 4
7110836 4
7119938 4
7130579 4
7132185 4
7132186 4
7143272 4
7149578 4
7158123 4
7169017 4
7169018 4
7170603 4
7174662 4
7187035 4
7187036 4
7209394 4
7209802 4
7225732 4
7227024 4
7232330 4
7237618 4
7257286 4
7263928 4
7271784 4
7303337 4
7309170 4
7315828 4
7321949 4
7343430 4
7366687 4
7377245 4
7380001 4
7380658 4
7395775 4
7396679 4
7396680 4
7396681 4
7396682 4
7398604 4
7407008 4
7422454 4
7425022 4
7436647 4
7458833 4
7460369 4
7460370 4
7466372 4
7474020 4
7495800 4
7499186 4
7507773 4
7512156 4
7524607 4
7525367 4
7577030 4
7600378 4
7645348 4
7655679 4
7669917 4
7672521 4
7678253 4
7681426 4
7682331 4
7682647 4
7682648 4
7695935 4
7713594 4
7726775 4
7727956 4
7757210 4
7760800 4
7760801 4
7781593 4
7781594 4
7793684 4
7805762 4
7816467 4
7839474 4
7842021 4
7861020 4
7872659 4
7872660 4
7872661 4
7872662 4
7872663 4
7872667 4
7872668 4
7885446 4
7891900 4
7901579 4
7901588 4
7908169 4
7911395 4
7911686 4
7926874 4
7938416 4
7954779 4
7976872 4
7990222 4
7990228 4
7990229 4
7993946 4
7999926 4
8000624 4
8001867 4
8024082 4
8041989 4
8052478 4
8068393 4
8069594 4
8070379 4
8071138 4
8079516 4
8085496 4
8085500 4
8086217 4
8106130 4
8117216 4
8117581 4
8121403 4
8121415 4
8132219 4
8135072 4
8138998 4
8150996 4
8172052 4
8182932 4
8216539 4
8219190 4
8219191 4
8248731 4
8250730 4
8250731 4
8254921 4
8258909 4
8267306 4
8273323 4
8273324 4
8274572 4
8292297 4
8296360 4
8300620 4
8317691 4
8330064 4
8330065 4
8344457 4
8344458 4
8344806 4
8350427 4
8352956 4
8352957 4
8361376 4
8361377 4
8364547 4
8364554 4
8389315 4
8400605 4
8401358 4
8403573 4
8407905 4
8425181 4
8430178 4
8434526 4
8437742 4
8481623 4
8489742 4
8490297 4
8496070 4
8500021 4
8539546 4
8544627 4
8544629 4
8546232 4
8558409 4
8561747 4
8567304 4
8568973 4
8570520 4
8611951 4
8612647 4
8612648 4
8624822 4
8625346 4
8625347 4
8637246 4
8651990 4
8680491 4
8688357 4
8702780 4
8708601 4
8708602 4
8708611 4
8709483 4
8709510 4
8731413 4
8747840 4
8754809 4
8759736 4
8766831 4
8778961 4
8778962 4
8788331 4
8788332 4
8788371 4
8793825 4
8793826 4
8801436 4
8801744 4
8805648 4
8805649 4
8809710 4
8815137 4
8843442 4
8856524 4
8859873 4
8909675 4
8917651 4
8917652 4
8931241 4
8932510 4
8939074 4
8966080 4
8966081 4
8966082 4
8979065 4
8980221 4
8983114 4
8983115 4
8988243 4
8988251 4
8990219 4
8990222 4
9046204 4
9061980 4
9088422 4
9088423 4
9109613 4
9118411 4
9120775 4
9130585 4
9136261 4
9150482 4
9152056 4
9176940 4
9186576 4
9186582 4
9195362 4
9209383 4
9219797 4
9219798 4
9221947 4
9223602 4
9233950 4
9236362 4
9236363 4
9240872 4
9257486 4
9261775 4
9261777 4
9261908 4
9261910 4
9265781 4
9275622 4
9296325 4
9312243 4
9324781 4
9325670 4
9327648 4
9339937 4
9347451 4
9348293 4
9371509 4
9385030 4
9413061 4
9423426 4
9430039 4
9439748 4
9449064 4
9477468 4
9481276 4
9499457 4
9510692 4
9510815 4
9525318 4
9528049 4
9530015 4
9540845 4
9543279 4
9543284 4
9552054 4
9552428 4
9562033 4
9564133 4
9581835 4
9590327 4
9591165 4
9592646 4
9593609 4
9597888 4
9597889 4
9604062 4
9604063 4
9621596 4
9632237 4
9632240 4
9665214 4
9668598 4
9678341 4
9693856 4
9693857 4
9696025 4
9704751 4
9705209 4
9713536 4
9717674 4
9722633 4
9730236 4
9733447 4
9746855 4
9756057 4
9756366 4
9760847 4
9766481 4
9769234 4
9791183 4
9805906 4
9819955 4
9830264 4
9830267 4
9830269 4
9837783 4
9840907 4
9845518 4
9846843 4
9856200 4
9857695 4
9869150 4
9871231 4
9871401 4
9872510 4
9880330 4
9891128 4
9909126 4
9913454 4
9954926 4
9958260 4
9970377 4
9977165 4
9980609 4
9983757 4
9996802 4
10006681 4
10009723 4
10041453 4
10053153 4
10062074 4
10062076 4
10062077 4
10062078 4
10067028 4
10076077 4
10079611 4
10085826 4
10089329 4
10095821 4
10113882 4
10118200 4
10118207 4
10118785 4
10131427 4
10169905 4
10171842 4
10176882 4
10177034 4
10177661 4
10195219 4
10195648 4
10207808 4
10207809 4
10218878 4
10220823 4
10228411 4
10240922 4
10247943 4
10251387 4
10254165 4
10264652 4
10271558 4
10271560 4
10271561 4
10281653 4
10287986 4
10287987 4
10303667 4
10313906 4
10315215 4
10318446 4
10337386 4
10337387 4
10348730 4
10353862 4
10368839 4
10369570 4
10385493 4
10385815 4
10386966 4
10391639 4
10392922 4
10407191 4
10412897 4
10415388 4
10426070 4
10432256 4
10432257 4
10432260 4
10432997 4
10443091 4
10451698 4
10466758 4
10467996 4
10473584 4
10478671 4
10482004 4
10524166 4
10531054 4
10535319 4
10536444 4
10540679 4
10545755 4
10565544 4
10586916 4
10601019 4
10628604 4
10656323 4
10658266 4
10671994 4
10673772 4
10682592 4
10685269 4
10689659 4
10690728 4
10695599 4
10695600 4
10697587 4
10713685 4
10717656 4
10760907 4
10778361 4
10789070 4
10795866 4
10797051 4
10798829 4
10816494 4
10819149 4
10824317 4
10826994 4
10840966 4
10846725 4
10846738 4
10846739 4
10878062 4
10878119 4
10893111 4
10899860 4
10909692 4
10912333 4
10912335 4
10912336 4
10912339 4
10912340 4
10916692 4
10926272 4
10934628 4
10937085 4
10941155 4
10942052 4
10943077 4
10959933 4
11012490 4
11021107 4
11028858 4
11032544 4
11032545 4
11032546 4
11036037 4
11044947 4
11050195 4
11066054 4
11066055 4
11066056 4
11070888 4
11075647 4
11088622 4
11088627 4
11088628 4
11090448 4
11090449 4
11092394 4
11103449 4
11103539 4
11113074 4
11130567 4
11142914 4
11145818 4
11149084 4
11158190 4
11163692 4
11180340 4
11198368 4
11199367 4
11203339 4
11213172 4
11219274 4
11228284 4
11238287 4
11265072 4
11265073 4
11268952 4
11277510 4
11277690 4
11290317 4
11291099 4
11314012 4
11314030 4
11319479 4
11319480 4
11322572 4
11322573 4
11324607 4
11333342 4
11339042 4
11341711 4
11346792 4
11353263 4
11358169 4
11370967 4
11377441 4
11389886 4
11397480 4
11403723 4
11404999 4
11433309 4
11452667 4
11457386 4
11477906 4
11481709 4
11482931 4
11484416 4
11499032 4
11514180 4
11517213 4
11519124 4
11522419 4
11540200 4
11541529 4
11548510 4
11548511 4
11560551 4
11562158 4
11562165 4
11562173 4
11562180 4
11566433 4
11572565 4
11603577 4
11627705 4
11651293 4
11658686 4
11664487 4
11673906 4
11673907 4
11673911 4
11677415 4
11683526 4
11701818 4
11716816 4
11717079 4
11723383 4
11730227 4
11731587 4
11752189 4
11776522 4
11779245 4
11779246 4
11792098 4
11799025 4
11818436 4
11825739 4
11826346 4
11834952 4
11838691 4
11840745 4
11846837 4
11854456 4
11872567 4
11875445 4
11896430 4
11902597 4
11904056 4
11915880 4
11919249 4
11922877 4
11933797 4
11940679 4
11952735 4
11958349 4
11965514 4
11986970 4
11988852 4
11993046 4
12044335 4
12044336 4
12048547 4
12048548 4
12048549 4
12055086 4
12066447 4
12067823 4
12101435 4
12104132 4
12115248 4
12116028 4
12119068 4
12172484 4
12172485 4
12206255 4
12214889 4
12222321 4
12226563 4
12229175 4
12232011 4
12236729 4
12247514 4
12269678 4
12270268 4
12306296 4
12306298 4
12306305 4
12312913 4
12312914 4
12312915 4
12328424 4
12335897 4
12345227 4
12380475 4
12384825 4
12394789 4
12435022 4
12440169 4
12440171 4
12445282 4
12448713 4
12461924 4
12465375 4
12473411 4
12499532 4
12512647 4
12523607 4
12524253 4
12524256 4
12524506 4
12528437 4
12528438 4
12530708 4
12539808 4
12542684 4
12542686 4
12543783 4
12544033 4
12544564 4
12561424 4
12577673 4
12595519 4
12607168 4
12614305 4
12614306 4
12626917 4
12626918 4
12626919 4
12626920 4
12660384 4
12660385 4
12670642 4
12678588 4
12678589 4
12682066 4
12689310 4
12693284 4
12716055 4
12721184 4
12721185 4
12727792 4
12728035 4
12757148 4
12759328 4
12759854 4
12764800 4
12766394 4
12776420 4
12782570 4
12783713 4
12783807 4
12787570 4
12800568 4
12816475 4
12816795 4
12821749 4
12838273 4
12838274 4
12859344 4
12883277 4
12903179 4
12909291 4
12914531 4
12923083 4
12923790 4
12955229 4
12967783 4
12971450 4
12973146 4
12977779 4
12980227 4
12994590 4
13008074 4
13026685 4
13028546 4
13028547 4
13048961 4
13048962 4
13048963 4
13063241 4
13064742 4
13106834 4
13111022 4
13120648 4
13121131 4
13122191 4
13122193 4
13122204 4
13131643 4
13199957 4
13212350 4
13216961 4
13221212 4
13221213 4
13227684 4
13233956 4
13247325 4
13254235 4
13255487 4
13279978 4
13289545 4
13290531 4
13292215 4
13292288 4
13292295 4
13292327 4
13299924 4
13299925 4
13307307 4
13312539 4
13325917 4
13333160 4
13335071 4
13336051 4
13339653 4
13344859 4
13351146 4
13351233 4
13351384 4
13352120 4
13356869 4
13361852 4
13362846 4
13365065 4
13396233 4
13420786 4
13433127 4
13438575 4
13438576 4
13447231 4
13490964 4
13490977 4
13499897 4
13514558 4
13516684 4
13521323 4
13522884 4
13536693 4
13547845 4
13563706 4
13574318 4
13595251 4
13603290 4
13616724 4
13653107 4
13657103 4
13657107 4
13657109 4
13660039 4
13665830 4
13666876 4
13680335 4
13691658 4
13713980 4
13716732 4
13741605 4
13744886 4
13753266 4
13757855 4
13760846 4
13783549 4
13783898 4
13783899 4
13812091 4
13824827 4
13825969 4
13826024 4
13834118 4
13840371 4
13845913 4
13852596 4
13862028 4
13863615 4
13878511 4
13884047 4
13886238 4
13891080 4
13902980 4
13902981 4
13915960 4
13924908 4
13927065 4
13935756 4
13940142 4
13955716 4
13988825 4
14001795 4
14007786 4
14014810 4
14033995 4
14037891 4
14047629 4
14047630 4
14058237 4
14058408 4
14067271 4
14106232 4
14113380 4
14117901 4
14129929 4
14132965 4
14134127 4
14137256 4
14138097 4
14152188 4
14157859 4
14164924 4
14166878 4
14168494 4
14183083 4
14183084 4
14188181 4
14191679 4
14196271 4
14196272 4
14230405 4
14231545 4
14244843 4
14257554 4
14263421 4
14282702 4
14284540 4
14311145 4
14317425 4
14317426 4
14340901 4
14341903 4
14341904 4
14390569 4
14390570 4
14395189 4
14397289 4
14406880 4
14408302 4
14409851 4
14410764 4
14414546 4
14417163 4
14417449 4
14429171 4
14432775 4
14469218 4
14484136 4
14495973 4
14502142 4
14510383 4
14533769 4
14540145 4
14555517 4
14555518 4
14555892 4
14566926 4
14567388 4
14577834 4
14581601 4
14588787 4
14598566 4
14618136 4
14624031 4
14647876 4
14652853 4
14661394 4
14665079 4
14667831 4
14686855 4
14687760 4
14702119 4
14710734 4
14711051 4
14717089 4
14729256 4
14729262 4
14736188 4
14746783 4
14758866 4
14763206 4
14770723 4
14770729 4
14776145 4
14776698 4
14778878 4
14783945 4
14783950 4
14807299 4
14808281 4
14840321 4
14843540 4
14847921 4
14864066 4
14868224 4
14869434 4
14876163 4
14877116 4
14878593 4
14878607 4
14879478 4
14885369 4
14885371 4
14896033 4
14899566 4
14924022 4
14956125 4
14974844 4
14988339 4
15002153 4
15034107 4
15037805 4
15072228 4
15102902 4
15102903 4
15115748 4
15126545 4
15153344 4
15168184 4
15178715 4
15193222 4
15225841 4
15228322 4
15236847 4
15241397 4
15295408 4
15299682 4
15376025 4
15376869 4
15376871 4
15376881 4
15409512 4
15416857 4
15416858 4
15416859 4
15424571 4
15429599 4
15445861 4
15461830 4
15461843 4
15480455 4
15506300 4
15515642 4
15519967 4
15520770 4
15527452 4
15537156 4
15551591 4
15571541 4
15571542 4
15580610 4
15588201 4
15593678 4
15597101 4
15599609 4
15599611 4
15599613 4
15607084 4
15607448 4
15612870 4
15626460 4
15634393 4
15637504 4
15645004 4
15669668 4
15703302 4
15706546 4
15712380 4
15723802 4
15742104 4
15760850 4
15767021 4
15767189 4
15768167 4
15796840 4
15797402 4
15799935 4
15804547 4
15831694 4
15854363 4
15854368 4
15854397 4
15873054 4
15882289 4
15889430 4
15889439 4
15889440 4
15909533 4
15924093 4
15940692 4
15964688 4
15988780 4
15999201 4
16000121 4
16001374 4
16005062 4
16005064 4
16005066 4
16008963 4
16012363 4
16016623 4
16034464 4
16055802 4
16058262 4
16082064 4
16083957 4
16098010 4
16116703 4
16142024 4
16157869 4
16164037 4
16166059 4
16199085 4
16200294 4
16208627 4
16224017 4
16224018 4
16227459 4
16239141 4
16240956 4
16277943 4
16287151 4
16292791 4
16301512 4
16307790 4
16324741 4
16351775 4
16351776 4
16353456 4
16360226 4
16378239 4
16378626 4
16386620 4
16388707 4
16388708 4
16389677 4
16389745 4
16397911 4
16410666 4
16454974 4
16458721 4
16458722 4
16464790 4
16466519 4
16466520 4
16474825 4
16485992 4
16499419 4
16499420 4
16506848 4
16519742 4
16520895 4
16529002 4
16532304 4
16540473 4
16545678 4
16557837 4
16568044 4
16572931 4
16579945 4
16583451 4
16586894 4
16588230 4
16590954 4
16619409 4
16623181 4
16638584 4
16639229 4
16658637 4
16663549 4
16673099 4
16704464 4
16706229 4
16713229 4
16719805 4
16733950 4
16735381 4
16744397 4
16749958 4
16755605 4
16762677 4
16788944 4
16797428 4
16797551 4
16797552 4
16803474 4
16825994 4
16830682 4
16845107 4
16850375 4
16850376 4
16851953 4
16851954 4
16851955 4
16851956 4
16865047 4
16869671 4
16892512 4
16900369 4
16902397 4
16924659 4
16930288 4
16930290 4
16944401 4
16946193 4
16948799 4
16948800 4
16954340 4
16958918 4
16987999 4
16993715 4
16995204 4
17014629 4
17014842 4
17044784 4
17050025 4
17067833 4
17068622 4
17074899 4
17076120 4
17076233 4
17079357 4
17094820 4
17097179 4
17119759 4
17119760 4
17128309 4
17136338 4
17156131 4
17197906 4
17208661 4
17212288 4
17217414 4
17231006 4
17239344 4
17241450 4
17253878 4
17258629 4
17267601 4
17267680 4
17273098 4
17275141 4
17296395 4
17296916 4
17306198 4
17340376 4
17348565 4
17366812 4
17371628 4
17373549 4
17374904 4
17374912 4
17385831 4
17398520 4
17402775 4
17415423 4
17415425 4
17435276 4
17439818 4
17454682 4
17456565 4
17456566 4
17456737 4
17467385 4
17467777 4
17467778 4
17470307 4
17475530 4
17477951 4
17477953 4
17477957 4
17482505 4
17497944 4
17499276 4
17511631 4
17513478 4
17530413 4
17534703 4
17551461 4
17551920 4
17557289 4
17557352 4
17557354 4
17568209 4
17573144 4
17573230 4
17585720 4
17597668 4
17597670 4
17608158 4
17615292 4
17615293 4
17637279 4
17638222 4
17662157 4
17670291 4
17671343 4
17682090 4
17713680 4
17727663 4
17728719 4
17729553 4
17729554 4
17788458 4
17791385 4
17792212 4
17792213 4
17793612 4
17826787 4
17829989 4
17830886 4
17832320 4
17847880 4
17857284 4
17871426 4
17871427 4
17874921 4
17874922 4
17887703 4
17891160 4
17891162 4
17899418 4
17907353 4
17927694 4
17930256 4
17930257 4
17965562 4
17965575 4
17972560 4
17981986 4
17984312 4
17987049 4
17996547 4
17999460 4
17999474 4
17999563 4
17999564 4
18027718 4
18030152 4
18034360 4
18034373 4
18034376 4
18034383 4
18036460 4
18042303 4
18042543 4
18047482 4
18054947 4
18070587 4
18070589 4
18084457 4
18096549 4
18098898 4
18098931 4
18099086 4
18099260 4
18101018 4
18115173 4
18121763 4
18142979 4
18153746 4
18170211 4
18178530 4
18208567 4
18211588 4
18221863 4
18238468 4
18269393 4
18269744 4
18269745 4
18288467 4
18288470 4
18293811 4
18310878 4
18318816 4
18340402 4
18348099 4
18349315 4
18354823 4
18371114 4
18377055 4
18397102 4
18400649 4
18427451 4
18433984 4
18456843 4
18457132 4
18464490 4
18465677 4
18488106 4
18488108 4
18489831 4
18489832 4
18490448 4
18492101 4
18492103 4
18504192 4
18513921 4
18515326 4
18516388 4
18536907 4
18539085 4
18542300 4
18560649 4
18563163 4
18566815 4
18568751 4
18573528 4
18578541 4
18583832 4
18600188 4
18600879 4
18609247 4
18611368 4
18613811 4
18613870 4
18623182 4
18623183 4
18648407 4
18661682 4
18665067 4
18675577 4
18675737 4
18681935 4
18688737 4
18693224 4
18696387 4
18731109 4
18731110 4
18731843 4
18733556 4
18741084 4
18748516 4
18760096 4
18761618 4
18773070 4
18773782 4
18778239 4
18779982 4
18782385 4
18790182 4
18793482 4
18803363 4
18809148 4
18810216 4
18845280 4
18845281 4
18845763 4
18850012 4
18865693 4
18875887 4
18880056 4
18880060 4
18880061 4
18880062 4
18880071 4
18891988 4
18892407 4
18923902 4
18924485 4
18924486 4
18935086 4
18935118 4
18956017 4
18956180 4
18960732 4
18972686 4
18972693 4
18974466 4
18976769 4
18976770 4
18976771 4
18991846 4
19002156 4
19002330 4
19014667 4
19029279 4
19033605 4
19034719 4
19035955 4
19042037 4
19045087 4
19060603 4
19074021 4
19096138 4
19113613 4
19117993 4
19134229 4
19141603 4
19141604 4
19142736 4
19142737 4
19172377 4
19172383 4
19178258 4
19180786 4
19193813 4
19194277 4
19205402 4
19210936 4
19217522 4
19240485 4
19247466 4
19251426 4
19251429 4
19251430 4
19267604 4
19279420 4
19279820 4
19288024 4
19290859 4
19295736 4
19295911 4
19299263 4
19309971 4
19319640 4
19335986 4
19344618 4
19351243 4
19360483 4
19366418 4
19380360 4
19380982 4
19394412 4
19396006 4
19403758 4
19409751 4
19409756 4
19416287 4
19416288 4
19434890 4
19434892 4
19436818 4
19442138 4
19452177 4
19462026 4
19476935 4
19478367 4
19483244 4
19488257 4
19538929 4
19541856 4
19544469 4
19549489 4
19550140 4
19565149 4
19565151 4
19565152 4
19565153 4
19579830 4
19582152 4
19584493 4
19584877 4
19584878 4
19627256 4
19631892 4
19643372 4
19643373 4
19643890 4
19645662 4
19653581 4
19660598 4
19663509 4
19685311 4
19687453 4
19687454 4
19687455 4
19687456 4
19687458 4
19687459 4
19691919 4
19710610 4
19715255 4
19718986 4
19722336 4
19722337 4
19731419 4
19739421 4
19746603 4
19746605 4
19752872 4
19752873 4
19752875 4
19759580 4
19779101 4
19800554 4
19800556 4
19810820 4
19841852 4
19842959 4
19849797 4
19868933 4
19870772 4
19875183 4
19883483 4
19886621 4
19900641 4
19912847 4
19912848 4
19922657 4
19925085 4
19926790 4
19926877 4
19935081 4
19944975 4
19950034 4
19962035 4
19962042 4
19962044 4
19979783 4
19993993 4
19994918 4
19999376 4
20006636 4
20009109 4
20011285 4
20012017 4
20019830 4
20019847 4
20023016 4
20026764 4
20029245 4
20036910 4
20037335 4
20037616 4
20051892 4
20052285 4
20059162 4
20063872 4
20064507 4
20071852 4
20080077 4
20081740 4
20082006 4
20085210 4
20089257 4
20089258 4
20091126 4
20100809 4
20103762 4
20109501 4
20109527 4
20117263 4
20128728 4
20139628 4
20162871 4
20164979 4
20177902 4
20180801 4
20192098 4
20200144 4
20209162 4
20212516 4
20215222 4
20239268 4
20239269 4
20239270 4
20247400 4
20254498 4
20273405 4
20286589 4
20287675 4
20292404 4
20303339 4
20305472 4
20310134 4
20326462 4
20336463 4
20352327 4
20368648 4
20369681 4
20372195 4
20375440 4
20383360 4
20407275 4
20413859 4
20423573 4
20428223 4
20432135 4
20436817 4
20444225 4
20492176 4
20493053 4
20494276 4
20508692 4
20508693 4
20508694 4
20514481 4
20514960 4
20517803 4
20544327 4
20566090 4
20587078 4
20601754 4
20601755 4
20601756 4
20601757 4
20611739 4
20619879 4
20623709 4
20623710 4
20640355 4
20644476 4
20644477 4
20654105 4
20654481 4
20661433 4
20662462 4
20681842 4
20681843 4
20681844 4
20681845 4
20684330 4
20691789 4
20692111 4
20725036 4
20735941 4
20741536 4
20749219 4
20753922 4
20761702 4
20784790 4
20789900 4
20805582 4
20806023 4
20815136 4
20822727 4
20826307 4
20841292 4
20856391 4
20860648 4
20870396 4
20885480 4
20886787 4
20898459 4
20913493 4
20920051 4
20924118 4
20924119 4
20924120 4
20953556 4
20953665 4
20954717 4
20958789 4
20983672 4
20987164 4
21016411 4
21022202 4
21028032 4
21044594 4
21057438 4
21063400 4
21064899 4
21089172 4
21092331 4
21092340 4
21113767 4
21125261 4
21125948 4
21134287 4
21150253 4
21150258 4
21161120 4
21161448 4
21161481 4
21162921 4
21177597 4
21195765 4
21234510 4
21234511 4
21246898 4
21247844 4
21253562 4
21266147 4
21270256 4
21280043 4
21285620 4
21288637 4
21291602 4
21302551 4
21308543 4
21319238 4
21320070 4
21321505 4
21321506 4
21322698 4
21322699 4
21337941 4
21348949 4
21348951 4
21361961 4
21369761 4
21370186 4
21374041 4
21374275 4
21386162 4
21425787 4
21436838 4
21442625 4
21454371 4
21457925 4
21461424 4
21462936 4
21488518 4
21488868 4
21488869 4
21491791 4
21496577 4
21496578 4
21519782 4
21561833 4
21566235 4
21570957 4
21570965 4
21575638 4
21575639 4
21585794 4
21649269 4
21649305 4
21652119 4
21656668 4
21679395 4
21680551 4
21682040 4
21704918 4
21715891 4
21722036 4
21733505 4
21750583 4
21752108 4
21754657 4
21754658 4
21754659 4
21754660 4
21781575 4
21803552 4
21823682 4
21824901 4
21834878 4
21840034 4
21868018 4
21870536 4
21870537 4
21877683 4
21889400 4
21900384 4
21907699 4
21907869 4
21907871 4
21919199 4
21923044 4
21925739 4
21925741 4
21930706 4
21931071 4
21937981 4
21940225 4
21958776 4
21960653 4
21967215 4
21996772 4
22010538 4
22017631 4
22019481 4
22043834 4
22046596 4
22050257 4
22054404 4
22066329 4
22075089 4
22075658 4
22117571 4
22135198 4
22135199 4
22135200 4
22135201 4
22137915 4
22177057 4
22197335 4
22207779 4
22207784 4
22207815 4
22221713 4
22224116 4
22246374 4
22246375 4
22261730 4
22264586 4
22271237 4
22274573 4
22300980 4
22301096 4
22303544 4
22306604 4
22321272 4
22323983 4
22327409 4
22358005 4
22382181 4
22403259 4
22410173 4
22423727 4
22424633 4
22427840 4
22434268 4
22441244 4
22441245 4
22456976 4
22501706 4
22510494 4
22536033 4
22538273 4
22544688 4
22550493 4
22556550 4
22556551 4
22564546 4
22587634 4
22602225 4
22608103 4
22619332 4
22625096 4
22626443 4
22628847 4
22642186 4
22670948 4
22670950 4
22674018 4
22674365 4
22677813 4
22690093 4
22691375 4
22704165 4
22712288 4
22717685 4
22728534 4
22728535 4
22728536 4
22728537 4
22743765 4
22769774 4
22801734 4
22804259 4
22807014 4
22821011 4
22832422 4
22879451 4
22880847 4
22892799 4
22899431 4
22900247 4
22919520 4
22921765 4
22948959 4
22950121 4
22950123 4
22950125 4
22953272 4
22966596 4
22966749 4
22966750 4
22966751 4
22975613 4
22977189 4
22985809 4
22991420 4
22993367 4
22993368 4
22998998 4
22998999 4
23004478 4
23029916 4
23031483 4
23036596 4
23047155 4
23047157 4
23050895 4
23053699 4
23058336 4
23066956 4
23069799 4
23071780 4
23094550 4
23098143 4
23099329 4
23119494 4
23124633 4
23130941 4
23147989 4
23147990 4
23188867 4
23188868 4
23192841 4
23241192 4
23241193 4
23241194 4
23247734 4
23250845 4
23252484 4
23267978 4
23273706 4
23284463 4
23294175 4
23294396 4
23299439 4
23353199 4
23370570 4
23370620 4
23370621 4
23370628 4
23370708 4
23383764 4
23390255 4
23403205 4
23413733 4
23422445 4
23422446 4
23439557 4
23452437 4
23484507 4
23494305 4
23510383 4
23512890 4
23525479 4
23531657 4
23531658 4
23532405 4
23537682 4
23537684 4
23564275 4
23574216 4
23585932 4
23594635 4
23595064 4
23596949 4
23597499 4
23598855 4
23611030 4
23611768 4
23611770 4
23613195 4
23614264 4
23618963 4
23620425 4
23630686 4
23634465 4
23641084 4
23647361 4
23647453 4
23658098 4
23666867 4
23672408 4
23677114 4
23677115 4
23677116 4
23677117 4
23677118 4
23677119 4
5142039 5
5231290 5
5231291 5
8216603 5
13642189 5
23677120 5
23677121 5
970238 6
1044656 6
1367602 6
1502582 6
1502583 6
1562741 6
1833576 6
1906172 6
1953925 6
1986417 6
2021565 6
2021567 6
2021569 6
2114072 6
2240926 6
2240927 6
2424638 6
2503193 6
2557142 6
2760895 6
2819081 6
2897046 6
2930278 6
3011458 6
3153908 6
3472611 6
3526188 6
3533515 6
3533517 6
3533703 6
3569939 6
3597356 6
3710850 6
3994258 6
4003117 6
4016687 6
4071091 6
4071092 6
4076627 6
4085696 6
4166046 6
4301353 6
4501770 6
4502456 6
4629990 6
4645936 6
4683894 6
4784230 6
4800890 6
4854974 6
4854975 6
5048220 6
5401999 6
5565615 6
5713525 6
5982211 6
5995985 6
6023157 6
6028953 6
6181660 6
6304366 6
6304370 6
6304371 6
6304372 6
6304373 6
6306609 6
6361318 6
6418781 6
6608439 6
6746768 6
6893385 6
6975979 6
7228953 6
7271200 6
7292100 6
7920005 6
8003021 6
8385051 6
8446069 6
8446070 6
8452131 6
8452132 6
8452133 6
8452134 6
8468859 6
8511445 6
8511446 6
8641070 6
8725960 6
8921742 6
9170572 6
9356670 6
9398847 6
9446836 6
9621774 6
9665900 6
9905081 6
9962135 6
10073558 6
10178421 6
10182360 6
10182363 6
10194322 6
10398987 6
10398988 6
10421893 6
10447014 6
10447015 6
10936821 6
10937054 6
11154758 6
11214891 6
11245902 6
11334912 6
11444436 6
11645345 6
11918338 6
12049260 6
12049266 6
12257332 6
12428011 6
12428012 6
12428013 6
12482760 6
12499284 6
12576210 6
12690725 6
12706520 6
13017908 6
13031564 6
13456570 6
13456572 6
13533160 6
13546467 6
13555475 6
13591322 6
13591323 6
13816650 6
13930320 6
14015225 6
14072818 6
14075551 6
14121759 6
14450108 6
14667674 6
14799225 6
14882263 6
14982287 6
15123906 6
15170914 6
15185464 6
15338765 6
16095007 6
16375448 6
16475859 6
16765716 6
16798376 6
16926520 6
16929855 6
17099752 6
17114030 6
17136610 6
17337015 6
17486743 6
17590757 6
18011804 6
18193745 6
18253220 6
18253221 6
18454388 6
18524854 6
18662539 6
18962382 6
19044529 6
19044530 6
19044531 6
19044532 6
19361396 6
19445719 6
19689457 6
19774092 6
19894310 6
19894311 6
19936443 6
20085553 6
20175752 6
20282668 6
20282669 6
20282670 6
20282675 6
20282676 6
20585148 6
20926888 6
21055910 6
21605296 6
21733173 6
21836608 6
22057083 6
22231008 6
22516784 6
22517711 6
22542859 6
22542860 6
23153461 6
23161666 6
23482023 6
23576511 6
23611215 6
23677122 6
23677123 6
23677124 6
23677125 6
23677126 6
23677127 6
23677128 6
23677129 6
23677130 6
23677131 6
23677132 6
1362 7
1363 7
2450 7
81754 7
101811 7
115129 7
120983 7
151792 7
170006 7
186569 7
200484 7
245162 7
253908 7
281097 7
285947 7
338852 7
345995 7
359113 7
416857 7
465616 7
477320 7
481375 7
521113 7
529986 7
630656 7
691789 7
709510 7
726690 7
751537 7
763710 7
793386 7
845085 7
878123 7
880670 7
891550 7
940862 7
1668091 7
1920567 7
2067794 7
2086683 7
2086684 7
3197876 7
3198237 7
3338750 7
3365958 7
3673682 7
4272289 7
4449697 7
4860089 7
5127007 7
5405559 7
5682569 7
6016307 7
6302678 7
6480424 7
6622146 7
6920765 7
6925921 7
6963063 7
6972162 7
7041871 7
7227330 7
7327761 7
7635628 7
8054454 7
8166293 7
8227164 7
8359774 7
8359775 7
8786313 7
8794510 7
9066291 7
9075137 7
9221721 7
9225969 7
9385633 7
10174628 7
10479536 7
10598170 7
10606028 7
11261440 7
11318551 7
11335657 7
11371499 7
11374801 7
11892804 7
11939522 7
12065181 7
12122419 7
12176858 7
12483251 7
12561704 7
12646326 7
12747342 7
13243880 7
13295656 7
13344290 7
13696846 7
13799349 7
14132422 7
14132423 7
14632238 7
15069644 7
15195064 7
15287811 7
15568623 7
15609432 7
15609433 7
15757836 7
15822137 7
16064530 7
16123665 7
16375558 7
17583188 7
17583193 7
17630905 7
17630906 7
17630907 7
17630908 7
17630909 7
17630910 7
17985016 7
18378776 7
18640710 7
19260977 7
19972831 7
20181656 7
20548201 7
20660203 7
20680657 7
21100204 7
21273051 7
21273052 7
21273053 7
21273054 7
21273055 7
21273056 7
21273057 7
21273058 7
21273059 7
21273060 7
21779336 7
22026286 7
22088424 7
22135738 7
22137813 7
22307690 7
22326008 7
22409057 7
22486940 7
22486941 7
22888751 7
23089693 7
23677133 7
23677134 7
23677135 7
23677136 7
23677137 7
23677138 7
23677139 7
23677140 7
23677141 7
23677142 7
23677143 7
23677144 7
23677145 7
23677146 7
1526593 8
3088336 8
3857069 8
4091060 8
6098865 8
7843322 8
8751038 8
9857940 8
12728214 8
13241363 8
13387011 8
13766979 8
16163062 8
17806538 8
18781063 8
20329236 8
20928576 8
21201276 8
21517335 8
22634542 8
23165929 8
23677149 8
6987428 9
11167172 9
11821056 9
13626014 9
15288212 9
18239637 9
21952250 9
23295333 9
23677150 9
73110 10
85619 10
113681 10
144769 10
189986 10
223969 10
246646 10
265214 10
266571 10
282874 10
316364 10
323592 10
359188 10
384844 10
401685 10
430406 10
479674 10
541185 10
543575 10
564191 10
564199 10
580527 10
598483 10
646016 10
659091 10
693631 10
693636 10
693644 10
716706 10
727437 10
742572 10
779185 10
789472 10
808408 10
827646 10
857860 10
864227 10
961457 10
987675 10
1039796 10
1111832 10
1141361 10
1141875 10
1169633 10
1293656 10
1293657 10
1293658 10
1293659 10
1313409 10
1362130 10
1362131 10
1362134 10
1371265 10
1423646 10
1434799 10
1543361 10
1543362 10
1586662 10
1607805 10
1607806 10
1607807 10
1607809 10
1607810 10
1607812 10
1616055 10
1638505 10
1655162 10
1655163 10
1675976 10
1730523 10
1730524 10
1760350 10
1760351 10
1760352 10
1760353 10
1760354 10
1760355 10
1831676 10
1831677 10
1831679 10
1965036 10
1989226 10
1989227 10
2058785 10
2058791 10
2067426 10
2145966 10
2168607 10
2168608 10
2168610 10
2198730 10
2210892 10
2210894 10
2362300 10
2375094 10
2446253 10
2464907 10
2495361 10
2525684 10
2626874 10
2659798 10
2659799 10
2676362 10
2676364 10
2676365 10
2791310 10
2801981 10
2860973 10
2870670 10
2943254 10
3021780 10
3026763 10
3026764 10
3026765 10
3167464 10
3167465 10
3167466 10
3210232 10
3291802 10
3319146 10
3331971 10
3352339 10
3352340 10
3352341 10
3352342 10
3365624 10
3375714 10
3375715 10
3375716 10
3375718 10
3375720 10
3375722 10
3375723 10
3375724 10
3449615 10
3449616 10
3495456 10
3495460 10
3512882 10
3709102 10
3765932 10
3767539 10
3767762 10
3767763 10
3767765 10
3822426 10
3843254 10
3897603 10
4168534 10
4397068 10
4404036 10
4411141 10
4431397 10
4461350 10
4462296 10
4481712 10
4551057 10
4581365 10
4593011 10
4593012 10
4603066 10
4615986 10
4628439 10
4642794 10
4794470 10
4830845 10
4830846 10
4830847 10
4830848 10
4830849 10
4830850 10
4830851 10
4897872 10
4921631 10
4921632 10
4921634 10
4932274 10
4932279 10
4961125 10
4961126 10
4961130 10
4961134 10
4961136 10
4961139 10
4970523 10
4982455 10
5021563 10
5021571 10
5021577 10
5198625 10
5252227 10
5312720 10
5410594 10
5471671 10
5471672 10
5505322 10
5505334 10
5505335 10
5505336 10
5506807 10
5506808 10
5607440 10
5671690 10
5859989 10
5869013 10
5903539 10
5977092 10
5977093 10
5977094 10
6066972 10
6134110 10
6273110 10
6273111 10
6330721 10
6342277 10
6371580 10
6371582 10
6371585 10
6371589 10
6371592 10
6371595 10
6371599 10
6371601 10
6371603 10
6371605 10
6371607 10
6371609 10
6371612 10
6417996 10
6489747 10
6544431 10
6644160 10
6644756 10
6644757 10
6644760 10
6668684 10
6747986 10
7088303 10
7088306 10
7220840 10
7259526 10
7276772 10
7286004 10
7286006 10
7286007 10
7296597 10
7300247 10
7300250 10
7300255 10
7300257 10
7300264 10
7300267 10
7419810 10
7429651 10
7460229 10
7464991 10
7464992 10
7464993 10
7464994 10
7464995 10
7480197 10
7606314 10
7636710 10
7687037 10
7704001 10
7704003 10
7704004 10
7825860 10
7825861 10
7902811 10
8056910 10
8062076 10
8062077 10
8063675 10
8109022 10
8230744 10
8266672 10
8328527 10
8400507 10
8490710 10
8512998 10
8561723 10
8561726 10
8561731 10
8561732 10
8561735 10
8581437 10
8661929 10
8701067 10
8912107 10
8912110 10
8912113 10
8953394 10
8961871 10
8996916 10
8999401 10
9016775 10
9049566 10
9049568 10
9049569 10
9096314 10
9096315 10
9096316 10
9096317 10
9096318 10
9096319 10
9096320 10
9168699 10
9251223 10
9270406 10
9307757 10
9434056 10
9647574 10
9647576 10
9656103 10
9687064 10
9802073 10
9837647 10
9886928 10
9914788 10
9952202 10
10056705 10
10115624 10
10115630 10
10158738 10
10158740 10
10158741 10
10158742 10
10252056 10
10252057 10
10281203 10
10315160 10
10329098 10
10384704 10
10384705 10
10759917 10
10880872 10
10880875 10
10905999 10
10960896 10
10968489 10
11081583 10
11237849 10
11237850 10
11305839 10
11305840 10
11305841 10
11334494 10
11334496 10
11334497 10
11422574 10
11506365 10
11608926 10
11617413 10
11840277 10
11941001 10
11946782 10
11971638 10
11998193 10
12021779 10
12027885 10
12214439 10
12214442 10
12260713 10
12389873 10
12393199 10
12454178 10
12454179 10
12454182 10
12469139 10
12469140 10
12469141 10
12731597 10
12739583 10
12739584 10
12741414 10
12768281 10
12908415 10
12942575 10
12973570 10
12973571 10
13073411 10
13099597 10
13099598 10
13222049 10
13233761 10
13270730 10
13456795 10
13555352 10
13604491 10
13874343 10
13893663 10
13989570 10
14050303 10
14050307 10
14050308 10
14093043 10
14093044 10
14093045 10
14212319 10
14212320 10
14271724 10
14310068 10
14504556 10
14533184 10
14708602 10
14708603 10
14900316 10
14900320 10
14954350 10
15165294 10
15301113 10
15301114 10
15431560 10
15431561 10
15478448 10
15495362 10
15535344 10
15605423 10
15605856 10
15659812 10
15737835 10
15737836 10
15737837 10
15810440 10
15810441 10
15920882 10
16022021 10
16022022 10
16022035 10
16069454 10
16069456 10
16085713 10
16085714 10
16085716 10
16183460 10
16289496 10
16308040 10
16470512 10
16503018 10
16511008 10
16511009 10
16579662 10
16579663 10
16650253 10
16654538 10
16761836 10
16991395 10
17058342 10
17083702 10
17083703 10
17102809 10
17116110 10
17116111 10
17116113 10
17116115 10
17116122 10
17116123 10
17193692 10
17337238 10
17337889 10
17404914 10
17408417 10
17472701 10
17553387 10
17553389 10
17577733 10
17586130 10
17586131 10
17644206 10
17750515 10
17773263 10
17917053 10
18048830 10
18048834 10
18048836 10
18192940 10
18317329 10
18317332 10
18374477 10
18374478 10
18374479 10
18383144 10
18413512 10
18432299 10
18458055 10
18488919 10
18506484 10
18785060 10
18822890 10
18942517 10
18942518 10
18942519 10
18942525 10
19019536 10
19100233 10
19127300 10
19138361 10
19147275 10
19147279 10
19147281 10
19147293 10
19147296 10
19147297 10
19147300 10
19147301 10
19189367 10
19197300 10
19267854 10
19267855 10
19267856 10
19310447 10
19356328 10
19392392 10
19392393 10
19392394 10
19392395 10
19392396 10
19392399 10
19392404 10
19423749 10
19438539 10
19463255 10
19467540 10
19467546 10
19569154 10
19576401 10
19608872 10
19608876 10
19634773 10
19760848 10
19780094 10
19824066 10
19867423 10
19875962 10
19875963 10
19875964 10
19897048 10
19919874 10
19945018 10
19945019 10
19946541 10
19947814 10
19947818 10
19963744 10
19984804 10
19984810 10
20050668 10
20059827 10
20059828 10
20068372 10
20068373 10
20148775 10
20169227 10
20169230 10
20169232 10
20265649 10
20306674 10
20306675 10
20306677 10
20414923 10
20490347 10
20493867 10
20514913 10
20536502 10
20536507 10
20559733 10
20559734 10
20559735 10
20571852 10
20597304 10
20663364 10
20663365 10
20685385 10
20696808 10
20696809 10
20696810 10
20696811 10
20827140 10
20833509 10
20836129 10
20836131 10
20836134 10
20856551 10
20929227 10
20937547 10
20937548 10
20955451 10
20955452 10
20955453 10
20955454 10
20955455 10
20965286 10
20965287 10
21028028 10
21033665 10
21092152 10
21181542 10
21186037 10
21186038 10
21224680 10
21224683 10
21224967 10
21224972 10
21293476 10
21293479 10
21363911 10
21395181 10
21395184 10
21438069 10
21438070 10
21462052 10
21462053 10
21462055 10
21531069 10
21571495 10
21664404 10
21664406 10
21664407 10
21817955 10
21817956 10
21837100 10
21881704 10
22095676 10
22095678 10
22181956 10
22242021 10
22247688 10
22275470 10
22275471 10
22290442 10
22319064 10
22328842 10
22328843 10
22328844 10
22328845 10
22328847 10
22328848 10
22328849 10
22328850 10
22331867 10
22331869 10
22366505 10
22366636 10
22366637 10
22366639 10
22382481 10
22411381 10
22416749 10
22447616 10
22537277 10
22552318 10
22717352 10
22717356 10
22717359 10
22765730 10
22788900 10
22967207 10
22967208 10
23004741 10
23016349 10
23022776 10
23022777 10
23022778 10
23149062 10
23165160 10
23186911 10
23186914 10
23228276 10
23389978 10
23398987 10
23400216 10
23400221 10
23400223 10
23402237 10
23402240 10
23402244 10
23402248 10
23407527 10
23455975 10
23486114 10
23498321 10
23525240 10
23531897 10
23531898 10
23548072 10
23548073 10
23574720 10
23574721 10
23620712 10
23651203 10
23677147 10
23677148 10
1466343 11
1658193 11
1829463 11
5891092 11
6333737 11
6644748 11
6841522 11
10174803 11
11980724 11
11980725 11
12157537 11
12490144 11
12490148 11
13618436 11
13961100 11
15047558 11
16031757 11
16142591 11
16478537 11
20939940 11
21459233 11
23515205 11
23677151 11
